0 3 0 100 3
0 3 3 100 1
0 3 6 100 3
0 6 6 100 1
0 3 9 100 1
0 3 12 100 5
0 3 15 100 5
0 6 15 100 1
3 3 3 100 1
3 3 6 100 1
3 3 9 100 3
3 6 9 100 2
3 6 12 100 3
3 3 15 100 2
3 6 15 100 2
3 6 18 100 1
3 3 21 100 1
6 6 0 100 2
6 9 0 100 1
6 9 9 100 1
6 6 12 100 1
6 9 12 100 2
6 6 15 100 1
6 9 15 100 1
6 6 18 100 1
6 9 18 100 2
9 9 0 100 1
9 12 0 100 2
9 9 9 100 2
9 12 9 100 1
9 12 12 100 3
9 9 15 100 1
9 12 24 100 1
9 9 27 100 1
12 12 0 100 1
12 15 0 100 1
12 15 6 100 1
12 15 15 100 1
12 15 21 100 1
0 100 0 100 6
3 100 0 100 2
6 100 0 100 1
6 100 3 100 2
6 100 6 100 3
6 100 9 100 1
9 100 0 100 2
9 100 9 100 3
9 100 12 100 1
12 100 0 100 5
12 100 6 100 1
12 100 9 100 4
12 100 12 100 10
15 100 0 100 3
15 100 3 100 1
15 100 6 100 1
15 100 9 100 2
15 100 12 100 8
15 100 15 100 9
18 100 0 100 1
18 100 6 100 1
18 100 9 100 1
18 100 12 100 1
18 100 15 100 3
18 100 18 100 6
21 100 15 100 1
-100 0 0 100 9
-100 0 3 100 3
-100 0 6 100 10
-100 0 9 100 6
-100 0 12 100 8
-100 0 15 100 5
-100 0 18 100 4
-100 0 21 100 1
0 100 0 3 1
6 100 0 6 1
6 100 6 6 1
12 100 0 3 1
12 100 0 6 1
15 100 0 3 1
21 100 15 15 1
3 100 -100 0 1
9 100 -100 0 1
12 100 -100 0 1
0 3 0 6 1
3 6 6 12 1
9 9 9 9 1
-100 0 -100 0 1


