27.5 380  4  0 376 
32.5 359 21  0 338
35.5  89  7  0  82
36.5  87  5  0  82
37.5  61  5  1  55
38.5  83 11  2  70
39.5  99 11  2  86
40.5  78  8  1  69
41.5  66  7  1  58
42.5  80 16  4  60
43.5  74 11  5  58 
44.5  67 10  3  54
45.5  99 20 12  67
46.5  76 16 11  49
47.5  75 18 16  41
48.5  80 19 18  43
49.5  66 20 19  27
50.5  72 18 32  22
51.5  66 10 38  18
52.5  54 16 30   8
53.5  67 18 40   9
54.5  50 18 28   4
55.5  45 19 25   1
56.5  50 13 36   1
57.5  54 13 40   1
58.5  46 13 33   0